37 - 97,378 - 98,925
38 - 18,435 - 38,081
39 - 95,043 - 95,224
40 - 132,102 - 131,968
41 - 85,755 - 97,441
42 - 122,841 - 122,655
43 - 78,464 - 80,846
44 - 244,304 - 247,487
45 - 70,565 - 64,704
46 - 252,517 - 244,520
47 - 57,498 - 67,213
48 - 206,615 - 198,842
49 - 50,333 - 48,096
50 - 200,465 - 199,115
51 - 45,074 - 44,406
52 - 206,286 - 198,967
53 - 36,301 - 50,125
54 - 181,593 - 184,856
55 - 24,445 - 48,745
56 - 181,967 - 186,159
57 - 28,351 - 34,679
58 - 166,434 - 160,630
59 - 30,142 - 35,101
60 - 154,688 - 152,645
61 - 20,505 - 50,552
62 - 150,228 - 151,969
63 - 21,335 - 34,017
64 - 141,185 - 146,054
65 - 20,188 - 35,066
66 - 135,511 - 152,800
67 - 21,617 - 42,000
68 - 123,077 - 128,668
69 - 21,400 - 39,776
70 - 111,807 - 107,061
71 - 22,526 - 57,377
72 - 102,539 - 82,450
73 - 23,633 - 57,450
74 - 100,082 - 101,421
75 - 17,862 - 40,972
76 - 94,241 - 101,988
77 - 129,538 - 135,427
78 - 80,980 - 81,246
79 - 270,997 - 266,272
80 - 72,051 - 73,138
81 - 224,699 - 226,876
82 - 68,025 - 63,935
83 - 212,920 - 220,852
84 - 58,918 - 61,263
85 - 202,819 - 202,751
86 - 47,983 - 46,781
87 - 197,369 - 197,611
88 - 41,588 - 47,268
89 - 191,701 - 201,260
90 - 29,210 - 39,894
91 - 177,447 - 182,298
92 - 29,827 - 55,466
93 - 182,263 - 184,754
94 - 28,661 - 37,501
95 - 162,173 - 161,599
96 - 23,765 - 35,987
97 - 152,379 - 151,430
98 - 18,354 - 34,844
99 - 161,774 - 162,506
100 - 25,417 - 37,594
101 - 131,769 - 132,236
102 - 20,937 - 34,962
103 - 135,945 - 138,504
104 - 30,598 - 45,105
105 - 120,787 - 108,916
106 - 20,579 - 48,038
107 - 109,962 - 112,718
108 - 25,931 - 35,938
109 - 105,152 - 96,225
110 - 19,805 - 35,066
111 - 92,648 - 89,496
112 - 22,309 - 40,139
113 - 90,461 - 91,373
114 - 128,260 - 128,511
115 - 80,168 - 76,438
116 - 251,393 - 253,068
117 - 69,624 - 80,410
118 - 221,863 - 221,439
119 - 60,330 - 60,559
120 - 214,320 - 228,823
121 - 51,485 - 45,765
122 - 212,215 - 205,074
123 - 47,916 - 47,042
124 - 202,566 - 210,402
125 - 39,045 - 40,553
126 - 183,438 - 182,239
127 - 24,300 - 35,460
128 - 183,882 - 179,327
129 - 24,394 - 38,623
130 - 178,384 - 179,439
131 - 26,085 - 36,491
132 - 160,202 - 162,657
133 - 18,463 - 45,355
134 - 156,569 - 158,345
135 - 21,649 - 43,776
136 - 148,641 - 155,055
137 - 26,683 - 34,964
138 - 135,201 - 142,557
139 - 26,220 - 37,468
140 - 127,529 - 136,473
141 - 30,050 - 42,670
142 - 122,185 - 124,029
143 - 19,487 - 42,786
144 - 113,193 - 111,072
145 - 18,984 - 43,621
146 - 104,007 - 102,965
147 - 143,789 - 139,861
148 - 102,899 - 106,261
149 - 19,155 - 37,655
150 - 89,444 - 84,384
151 - 18,195 - 34,215
152 - 74,014 - 64,806
153 - 227,348 - 222,765
154 - 82,798 - 85,154
155 - 222,043 - 218,772
156 - 57,238 - 68,189
157 - 207,972 - 207,627
158 - 56,738 - 49,977
159 - 202,937 - 199,846
160 - 50,254 - 63,004
161 - 202,840 - 214,344
162 - 39,595 - 38,727
163 - 187,757 - 182,581
164 - 30,938 - 35,011
165 - 179,782 - 180,404
166 - 27,659 - 38,223
167 - 168,848 - 171,171
168 - 36,219 - 34,989
169 - 165,593 - 165,724
170 - 21,503 - 53,835
171 - 151,371 - 142,294
172 - 30,392 - 39,059
173 - 164,411 - 161,741
174 - 19,073 - 39,228
175 - 140,870 - 141,757
176 - 17,531 - 47,267
177 - 128,081 - 132,941
178 - 35,643 - 37,992
179 - 120,830 - 108,475
180 - 23,747 - 34,796
181 - 110,544 - 113,230
182 - 17,568 - 37,077
183 - 101,369 - 100,026
184 - 25,157 - 39,655
185 - 106,512 - 104,981
186 - 133,971 - 133,434
187 - 94,253 - 104,476
188 - 228,024 - 216,088
189 - 79,488 - 71,410
190 - 230,236 - 231,446
191 - 62,661 - 62,380
192 - 214,296 - 219,918
193 - 63,163 - 70,239
194 - 210,912 - 195,756
195 - 54,200 - 51,988
196 - 199,925 - 197,145
197 - 44,127 - 43,544
198 - 196,083 - 185,444
199 - 45,129 - 54,853
200 - 185,355 - 186,014
201 - 27,772 - 38,519
202 - 177,750 - 184,229
203 - 28,730 - 44,428
204 - 175,333 - 187,343
205 - 40,183 - 34,233
206 - 170,786 - 171,891
207 - 28,576 - 43,493
208 - 147,349 - 155,174
209 - 23,103 - 42,419
210 - 182,609 - 183,083
211 - 22,394 - 45,013
212 - 138,647 - 135,244
213 - 23,646 - 38,400
214 - 125,812 - 125,038
215 - 18,997 - 40,514
216 - 122,905 - 116,768
217 - 18,183 - 34,192
218 - 107,410 - 115,612
219 - 19,202 - 42,064
220 - 101,467 - 98,881
221 - 21,003 - 38,459
222 - 87,644 - 92,895
223 - 22,095 - 37,858
224 - 86,537 - 86,575
225 - 123,651 - 128,535
226 - 71,288 - 73,699
227 - 224,699 - 221,140
228 - 69,200 - 62,610
229 - 228,261 - 222,314
230 - 63,649 - 53,086
231 - 209,037 - 217,559
232 - 48,951 - 46,446
233 - 194,971 - 191,765
234 - 49,241 - 54,185
235 - 187,886 - 191,197
236 - 35,753 - 40,465
237 - 187,498 - 191,980
238 - 27,330 - 34,055
239 - 181,551 - 185,753
240 - 18,968 - 38,163
241 - 162,351 - 181,624
242 - 20,623 - 35,887
243 - 160,777 - 162,953
244 - 46,283 - 47,711
245 - 148,284 - 144,695
246 - 17,628 - 39,434
247 - 147,695 - 149,921
248 - 20,958 - 38,497
249 - 138,732 - 132,870
250 - 23,149 - 46,502
251 - 124,007 - 111,051
252 - 21,690 - 41,881
253 - 129,834 - 135,276
254 - 17,998 - 39,526
255 - 119,368 - 129,363
256 - 23,286 - 53,861
257 - 92,201 - 92,215
258 - 18,310 - 38,262
259 - 94,465 - 90,297
260 - 130,549 - 134,291
261 - 75,844 - 84,373
262 - 228,992 - 232,895
263 - 75,839 - 80,700
264 - 230,265 - 233,464
265 - 66,040 - 67,466
266 - 214,253 - 217,642
267 - 55,267 - 54,814
268 - 210,041 - 209,244
269 - 76,940 - 79,303
270 - 201,275 - 188,037
271 - 33,505 - 53,717
272 - 187,160 - 177,686
273 - 32,777 - 53,444
274 - 186,576 - 191,752
275 - 23,568 - 44,757
276 - 174,655 - 171,313
277 - 39,390 - 43,377
278 - 164,358 - 177,386
279 - 26,977 - 45,153
280 - 160,574 - 159,480
281 - 27,641 - 40,258
282 - 151,172 - 144,890
283 - 24,976 - 48,171
284 - 144,223 - 152,512
285 - 20,623 - 61,392
286 - 128,395 - 129,800
287 - 24,072 - 37,713
288 - 127,121 - 125,204
289 - 23,907 - 48,156
290 - 116,281 - 111,471
291 - 29,667 - 46,552
292 - 108,088 - 111,884
293 - 146,727 - 144,446
294 - 104,047 - 107,043
295 - 18,290 - 35,267
296 - 84,819 - 92,041
297 - 129,651 - 124,148
298 - 74,079 - 71,478
299 - 274,919 - 274,042
300 - 71,710 - 70,094
301 - 233,959 - 228,784
302 - 62,734 - 61,800
303 - 225,521 - 224,025
304 - 57,576 - 56,829
305 - 205,983 - 215,130
306 - 44,135 - 39,792
307 - 205,632 - 198,450
308 - 36,566 - 37,145
309 - 195,930 - 192,766
310 - 30,588 - 38,908
311 - 182,208 - 186,857
312 - 28,067 - 40,819
313 - 179,070 - 182,126
314 - 33,718 - 36,331
315 - 164,683 - 170,698
316 - 19,018 - 40,588
317 - 150,748 - 141,424
318 - 20,955 - 37,676
319 - 156,500 - 180,287
320 - 23,586 - 41,742
321 - 144,455 - 154,749
322 - 18,947 - 39,696
323 - 128,017 - 129,862
324 - 22,017 - 48,951
325 - 136,865 - 136,920
326 - 22,525 - 48,589
327 - 111,791 - 118,871
328 - 19,226 - 39,103
329 - 107,524 - 95,908
330 - 20,399 - 50,143
331 - 92,142 - 93,229
332 - 25,506 - 42,431
333 - 84,748 - 84,075
334 - 127,537 - 136,716
335 - 80,462 - 89,440
336 - 245,304 - 239,569
337 - 71,789 - 85,324
338 - 216,465 - 200,662
339 - 83,300 - 75,663
340 - 219,884 - 217,755
341 - 52,190 - 51,576
342 - 209,215 - 210,440
343 - 44,722 - 51,736
344 - 218,801 - 217,609
345 - 37,732 - 51,807
346 - 201,480 - 203,617
347 - 25,528 - 36,786
348 - 195,818 - 197,589
349 - 34,011 - 43,760
350 - 170,853 - 171,492
351 - 21,597 - 45,561
352 - 163,127 - 165,753
353 - 50,192 - 48,230
354 - 157,311 - 170,371
355 - 20,264 - 38,622
356 - 145,987 - 147,157
357 - 23,947 - 44,492
358 - 131,305 - 131,418
359 - 24,584 - 49,446
360 - 130,091 - 131,385
361 - 27,153 - 41,950
362 - 119,801 - 124,493
363 - 25,176 - 46,175
364 - 118,390 - 126,167
365 - 30,931 - 47,439
366 - 108,123 - 112,730
367 - 18,833 - 39,051
368 - 89,871 - 91,156
369 - 135,437 - 137,460
370 - 85,401 - 89,957
371 - 236,481 - 234,690
372 - 79,041 - 79,524
373 - 226,805 - 220,965
374 - 77,526 - 74,762
375 - 218,065 - 215,411
376 - 59,817 - 63,655
377 - 206,360 - 202,350
378 - 50,625 - 52,235
379 - 203,725 - 192,496
380 - 41,771 - 41,619
381 - 194,224 - 185,008
382 - 29,059 - 36,776
383 - 186,788 - 181,214
384 - 36,931 - 36,911
385 - 177,545 - 182,088
386 - 17,832 - 36,119
387 - 164,896 - 161,005
388 - 28,176 - 38,534
389 - 163,479 - 160,383
390 - 21,810 - 40,662
391 - 146,843 - 147,319
392 - 18,960 - 38,377
393 - 150,080 - 159,219
394 - 21,096 - 50,281
395 - 139,035 - 137,482
396 - 20,472 - 44,204
397 - 27,641 - 40,560
398 - 24,093 - 40,178
399 - 19,190 - 39,433
400 - 19,131 - 41,014
401 - 20,140 - 38,053
402 - 19,762 - 48,720
403 - 23,749 - 37,454
404 - 21,196 - 43,431
405 - 21,461 - 45,347
406 - 65,000 - 49,167
407 - 21,003 - 44,506
408 - 18,580 - 49,895
409 - 22,128 - 36,777
410 - 22,280 - 46,651
411 - 17,940 - 37,949
412 - 22,552 - 39,530
413 - 26,998 - 39,681
414 - 17,756 - 35,524
415 - 18,120 - 40,925
416 - 21,637 - 41,699
417 - 18,520 - 38,696
418 - 23,965 - 46,689
419 - 22,632 - 46,594
420 - 22,346 - 39,738
421 - 20,707 - 50,757
422 - 35,614 - 42,649
423 - 19,432 - 40,433
424 - 23,141 - 40,220
425 - 23,681 - 36,660
426 - 18,491 - 38,972
427 - 28,914 - 38,915
428 - 31,326 - 71,458
429 - 30,231 - 53,448
430 - 19,870 - 36,470
431 - 23,127 - 43,708
432 - 19,999 - 46,750
433 - 23,662 - 49,711
434 - 27,354 - 66,542
435 - 25,504 - 42,266
436 - 29,284 - 52,439
437 - 23,964 - 36,305
438 - 18,871 - 36,429
439 - 19,145 - 36,474
440 - 32,200 - 40,858
441 - 19,927 - 44,521
442 - 23,519 - 41,857
443 - 28,590 - 40,848
444 - 20,609 - 45,886
445 - 20,267 - 36,550
446 - 18,472 - 38,592
447 - 20,916 - 48,993
448 - 22,117 - 51,803
449 - 22,749 - 43,712
450 - 19,542 - 40,892
451 - 18,814 - 41,028
452 - 22,096 - 35,484
453 - 19,148 - 41,216
454 - 19,342 - 47,975
455 - 20,211 - 37,754
456 - 39,790 - 47,305
457 - 18,374 - 36,125
458 - 24,090 - 36,873
459 - 27,171 - 56,315
460 - 20,710 - 42,632
461 - 23,012 - 41,682
462 - 36,847 - 62,683
463 - 19,021 - 47,335
464 - 24,968 - 58,016
465 - 32,677 - 49,245
466 - 27,082 - 39,945
467 - 25,093 - 48,779
468 - 31,091 - 72,844
469 - 24,544 - 52,664
470 - 23,164 - 45,371
471 - 29,440 - 49,425
472 - 23,722 - 51,251
473 - 30,396 - 61,328
474 - 19,306 - 42,097
475 - 28,321 - 37,287
476 - 28,856 - 49,904
477 - 22,863 - 37,670
478 - 18,748 - 44,723
479 - 21,830 - 41,200
480 - 35,352 - 47,235
481 - 22,992 - 41,802
482 - 28,184 - 67,446
483 - 20,303 - 44,534
484 - 30,640 - 45,226
485 - 30,005 - 51,761
486 - 29,519 - 42,541
487 - 26,470 - 54,089
488 - 23,954 - 52,809
489 - 26,636 - 49,219
490 - 20,454 - 47,679
491 - 26,838 - 46,425
492 - 23,417 - 42,853
493 - 19,267 - 44,951
494 - 19,491 - 39,679
495 - 26,780 - 48,967
496 - 36,289 - 89,182
497 - 36,942 - 98,520
498 - 26,234 - 77,487
499 - 46,038 - 55,524
500 - 20,380 - 47,162
501 - 26,851 - 89,310
502 - 37,251 - 24
503 - 35,160 - 73,650
504 - 30,470 - 59,926
505 - 27,899 - 69,972
506 - 26,586 - 83,654
507 - 22,464 - 48,923
508 - 26,927 - 84,125
509 - 23,004 - 34,763
510 - 19,132 - 37,403
511 - 18,322 - 47,208
512 - 25,523 - 47,171
513 - 26,293 - 70,901
514 - 28,645 - 78,705
515 - 25,774 - 85,910
516 - 29,738 - 54,848
517 - 27,051 - 47,976
518 - 21,344 - 46,950
519 - 22,047 - 47,498
520 - 18,182 - 38,307
521 - 19,209 - 46,636
522 - 20,570 - 42,342
523 - 30,363 - 87,129
524 - 27,528 - 81,186
525 - 24,776 - 56,859
526 - 33,671 - 87,914
527 - 34,973 - 81,639
528 - 25,869 - 91,125
529 - 30,938 - 84,375
530 - 31,701 - 54,787
531 - 19,366 - 35,755
532 - 20,229 - 38,817
533 - 34,747 - 37,372
534 - 56,619 - 50,032
535 - 27,348 - 76,784
536 - 30,622 - 36,170
537 - 28,070 - 52,988
538 - 54,387 - 41,552
539 - 22,700 - 49,956
540 - 21,886 - 42,406
541 - 22,176 - 41,047
542 - 38,760 - 62,361
543 - 21,344 - 39,893
544 - 28,994 - 51,418
545 - 30,143 - 49,161
546 - 23,032 - 40,281
547 - 28,989 - 44,079
548 - 19,886 - 46,419
549 - 32,392 - 74,948
550 - 25,466 - 66,050
551 - 29,744 - 61,781
552 - 28,609 - 50,945
553 - 32,045 - 89,443
554 - 27,569 - 82,054
555 - 19,909 - 43,662
556 - 29,827 - 88,748
557 - 38,079 - 53,637
558 - 29,418 - 90,622
559 - 27,005 - 84,493
560 - 25,298 - 48,999
561 - 26,280 - 73,569
562 - 27,531 - 84,674
563 - 22,199 - 47,791
564 - 19,414 - 36,504
565 - 19,230 - 45,711
566 - 19,910 - 37,364
567 - 27,787 - 73,158
568 - 21,806 - 49,562
569 - 33,500 - 79,244
570 - 23,800 - 40,764
571 - 33,444 - 37,132
572 - 52,422 - 65,602
573 - 28,536 - 48,583
574 - 26,835 - 48,507
575 - 32,282 - 37,032
576 - 21,965 - 50,288
577 - 30,341 - 40,029
578 - 29,526 - 51,619
579 - 30,941 - 54,799
580 - 26,958 - 57,783
581 - 19,950 - 37,879
582 - 21,564 - 48,942
583 - 25,264 - 44,554
584 - 33,885 - 54,857
585 - 19,369 - 44,185
586 - 28,070 - 46,951
587 - 23,531 - 49,156
588 - 19,027 - 41,340
589 - 26,173 - 46,838
590 - 20,062 - 42,535
591 - 24,970 - 39,966
592 - 20,406 - 63,176
593 - 30,046 - 60,389
594 - 26,788 - 49,759
595 - 21,417 - 37,779
596 - 22,507 - 40,038
597 - 31,612 - 55,823
598 - 23,967 - 46,968
599 - 21,132 - 41,407
600 - 20,855 - 52,666
601 - 25,358 - 47,543
602 - 21,151 - 51,239
603 - 30,169 - 69,737
604 - 40,067 - 51,423
605 - 19,203 - 39,443
606 - 20,636 - 37,615
607 - 37,563 - 42,881
608 - 24,574 - 59,387
609 - 19,857 - 37,657
610 - 35,031 - 42,138
611 - 25,544 - 50,742
612 - 27,199 - 41,556
613 - 37,271 - 51,054
614 - 30,332 - 53,678
615 - 27,092 - 47,079
616 - 24,999 - 44,985
617 - 20,913 - 49,331
618 - 19,426 - 41,111
619 - 26,263 - 43,353
620 - 24,686 - 57,201
621 - 28,337 - 58,218
622 - 34,969 - 46,558
623 - 162,058 - 157,387
624 - 25,547 - 42,361
625 - 27,182 - 47,902
626 - 34,545 - 46,146
627 - 25,679 - 39,665
628 - 23,384 - 51,883
629 - 22,647 - 53,595
630 - 21,494 - 48,955
631 - 21,944 - 42,961
632 - 21,276 - 55,903
633 - 25,372 - 49,214
634 - 29,691 - 45,261
635 - 21,991 - 44,365
636 - 24,492 - 41,213
637 - 19,469 - 51,964
638 - 26,750 - 44,212
639 - 38,646 - 50,099
640 - 19,349 - 52,049
641 - 22,504 - 45,176
642 - 21,705 - 44,494
643 - 50,332 - 39,889
644 - 25,430 - 36,169
645 - 25,594 - 39,309
646 - 21,256 - 42,893
647 - 23,415 - 53,439
648 - 24,336 - 40,420
649 - 25,946 - 42,005
650 - 25,524 - 38,722
651 - 22,099 - 41,330
652 - 23,074 - 37,718
653 - 18,868 - 40,611
654 - 48,429 - 48,990
655 - 21,482 - 40,082
656 - 26,709 - 50,660
657 - 23,849 - 41,458
658 - 28,257 - 41,981
659 - 20,235 - 51,699
660 - 24,897 - 50,026
661 - 21,076 - 47,309
662 - 25,912 - 42,895
663 - 29,106 - 45,870
664 - 19,031 - 40,424
665 - 21,768 - 42,229
666 - 19,712 - 41,935
667 - 23,115 - 40,717
668 - 26,293 - 40,803
669 - 24,821 - 54,405
670 - 19,456 - 41,388
671 - 19,685 - 40,299
672 - 27,308 - 60,184
673 - 31,159 - 39,821
674 - 54,793 - 54,611
675 - 23,031 - 43,185
676 - 43,423 - 42,758
677 - 20,990 - 39,311
678 - 25,489 - 36,500
679 - 18,105 - 37,627
680 - 19,924 - 42,250
681 - 22,391 - 59,103
682 - 25,635 - 42,491
683 - 26,414 - 44,110
684 - 28,478 - 42,006
685 - 23,156 - 39,614
686 - 30,377 - 54,303
687 - 31,406 - 76,384
688 - 27,187 - 75,964
689 - 25,198 - 62,060
690 - 30,729 - 61,688
691 - 21,553 - 47,419
692 - 27,631 - 41,946
693 - 33,308 - 48,717
694 - 30,584 - 45,491
695 - 27,304 - 41,520
696 - 29,181 - 56,598
697 - 20,565 - 58,274
698 - 19,886 - 39,058
699 - 31,658 - 52,155
700 - 35,572 - 47,997
701 - 24,823 - 41,924
702 - 27,312 - 42,903
703 - 27,433 - 42,272
704 - 26,225 - 39,137
705 - 25,780 - 49,375
706 - 19,569 - 48,965
707 - 23,822 - 46,177
708 - 21,498 - 48,947
709 - 21,439 - 43,987
710 - 29,905 - 44,672
711 - 23,155 - 51,383
712 - 24,386 - 48,877
713 - 30,508 - 59,510
714 - 22,027 - 41,654
715 - 24,132 - 38,856
716 - 25,836 - 37,587
717 - 29,500 - 40,862
718 - 19,826 - 37,733
719 - 44,965 - 46,528
720 - 21,366 - 64,730
721 - 18,018 - 54,382
722 - 25,613 - 43,774
723 - 20,010 - 45,721
724 - 24,994 - 38,980
725 - 19,720 - 40,694
726 - 21,847 - 42,066
727 - 31,212 - 52,270
728 - 22,097 - 50,961
729 - 49,247 - 44,637
730 - 20,628 - 50,157
731 - 21,431 - 44,365
732 - 24,962 - 43,486
733 - 24,283 - 44,369
734 - 26,729 - 38,267
735 - 37,793 - 55,077
736 - 25,486 - 40,350
737 - 21,581 - 45,781
738 - 23,244 - 41,367
739 - 19,223 - 41,324
740 - 27,291 - 53,338
741 - 18,766 - 43,279
742 - 22,085 - 47,226
743 - 22,089 - 43,299
744 - 26,341 - 39,497
745 - 21,243 - 42,146
746 - 18,879 - 44,114
747 - 38,469 - 58,451
748 - 51,178 - 53,159
749 - 28,721 - 38,060
750 - 26,081 - 40,732
751 - 31,124 - 60,113
752 - 23,206 - 50,424
753 - 31,778 - 43,545
754 - 25,421 - 57,101
755 - 19,648 - 41,187
756 - 21,674 - 40,003
757 - 24,270 - 50,993
758 - 23,514 - 47,308
759 - 23,986 - 51,429
760 - 20,988 - 52,601
761 - 23,783 - 43,632
762 - 24,528 - 42,959
763 - 23,787 - 39,054
764 - 21,111 - 47,840
765 - 23,782 - 47,039
766 - 22,953 - 40,496
767 - 30,983 - 43,369
768 - 27,751 - 46,337
769 - 26,231 - 53,915
770 - 21,926 - 43,083
771 - 20,550 - 47,769
772 - 24,244 - 46,765
773 - 22,450 - 37,895
774 - 25,900 - 63,191
775 - 19,810 - 61,703
776 - 22,949 - 55,599
777 - 26,372 - 60,637
778 - 28,261 - 48,265
779 - 23,265 - 48,210
780 - 20,614 - 46,659
781 - 66,227 - 63,471
782 - 31,298 - 79,392
783 - 27,122 - 102,986
784 - 27,096 - 72,081
785 - 42,811 - 82,019
786 - 28,288 - 65,045
787 - 29,648 - 159,360
788 - 23,472 - 59,560
789 - 29,151 - 58,905
790 - 25,562 - 54,124
791 - 57,748 - 48,006
792 - 21,659 - 42,058
793 - 22,869 - 56,459
794 - 22,353 - 50,914
795 - 52,105 - 47,662
796 - 20,113 - 47,835
797 - 22,907 - 53,714
798 - 27,451 - 50,220
799 - 25,313 - 41,328
800 - 18,806 - 38,800
801 - 25,708 - 45,790
802 - 25,378 - 59,795
803 - 20,677 - 40,887
804 - 23,663 - 62,649
805 - 19,639 - 54,625
806 - 28,342 - 48,640
807 - 24,605 - 53,074
